
13549	3453	31/9/2023	7:30AM	1	0	0	
13549	6789	31/9/2023	7:30AM	1	1	2	
13302	1234	31/9/2023	7:30AM	1	1	2	
13549	32345	31/9/2023	7:30AM	1	0	0	
13302	987	31/9/2023	7:30AM	1	1	1	
13302	987	31/9/2023	7:30AM	1	1	1	
13302	5235	31/9/2023	7:30AM	2	0	0	
13467	7874	31/9/2023	7:30AM	1	0	0	
13549	77863	31/9/2023	7:30AM	1	0	0	
13254	1005	31/9/2023	7:30AM	1	0	0	
13254	1006	31/9/2023	7:30AM	1	0	0	
13254	1007	31/9/2023	7:30AM	0	1	0	
13549	1008	31/9/2023	7:30AM	1	0	0	
13254	1009	31/9/2023	7:30AM	1	0	0	
13254	1010	31/9/2023	7:30AM	1	1	0	
13254	1011	31/9/2023	7:30AM	1	1	0	
13254	1012	31/9/2023	7:30AM	1	0	0	
13254	1013	31/9/2023	7:30AM	1	0	1	
13467	1014	31/9/2023	7:30AM	1	1	0	
